position: 
   x: 10.003296852111816
   y: -1.1569983959197998
   z: 0.0
orientation: 
   x: 0.0
   y: 0.0
   z: 0.7362414240610294
   w: 0.6767189708413585
covariance: [0.25, 0.0, 0.0, 0.0, 0.0, 0.0, 0.0, 0.25, 0.0, 0.0, 0.0, 0.0, 0.0, 0.0, 0.0, 0.0, 0.0, 0.0, 0.0, 0.0, 0.0, 0.0, 0.0, 0.0, 0.0, 0.0, 0.0, 0.0, 0.0, 0.0, 0.0, 0.0, 0.0, 0.0, 0.0, 0.06853892326654787]
